/begin_header
/missing=-999
/delimiter=space
!
! Water scattering coefficient - S=35; T=22C
! 200 nm - 2449 nm
!
! Scattering coefficients were derived from Zhang et al. (2009)
!
!    Zhang, X., Hu, L., He, M.-X.: Scattering by pure seawater: Effect of Salinity,
!                                  Optics Express, 17, 5698-5710, 2009.
!
/fields=wavelength,bw
/units=nm,m^-1
/end_header
200.0 0.183171
201.0 0.178005
202.0 0.173030
203.0 0.168237
204.0 0.163618
205.0 0.159165
206.0 0.154871
207.0 0.150729
208.0 0.146732
209.0 0.142874
210.0 0.139148
211.0 0.135550
212.0 0.132074
213.0 0.128714
214.0 0.125466
215.0 0.122326
216.0 0.119288
217.0 0.116349
218.0 0.113505
219.0 0.110751
220.0 0.108085
221.0 0.105503
222.0 0.103001
223.0 0.100577
224.0 0.0982273
225.0 0.0959495
226.0 0.0937404
227.0 0.0915979
228.0 0.0895191
229.0 0.0875020
230.0 0.0855442
231.0 0.0836434
232.0 0.0817977
233.0 0.0800051
234.0 0.0782637
235.0 0.0765717
236.0 0.0749273
237.0 0.0733288
238.0 0.0717749
239.0 0.0702637
240.0 0.0687940
241.0 0.0673641
242.0 0.0659730
243.0 0.0646192
244.0 0.0633015
245.0 0.0620187
246.0 0.0607698
247.0 0.0595533
248.0 0.0583687
249.0 0.0572145
250.0 0.0560900
251.0 0.0549941
252.0 0.0539259
253.0 0.0528847
254.0 0.0518696
255.0 0.0508797
256.0 0.0499143
257.0 0.0489726
258.0 0.0480538
259.0 0.0471575
260.0 0.0462827
261.0 0.0454289
262.0 0.0445955
263.0 0.0437819
264.0 0.0429875
265.0 0.0422116
266.0 0.0414539
267.0 0.0407137
268.0 0.0399906
269.0 0.0392841
270.0 0.0385937
271.0 0.0379189
272.0 0.0372594
273.0 0.0366146
274.0 0.0359842
275.0 0.0353679
276.0 0.0347651
277.0 0.0341755
278.0 0.0335989
279.0 0.0330347
280.0 0.0324828
281.0 0.0319427
282.0 0.0314142
283.0 0.0308968
284.0 0.0303905
285.0 0.0298949
286.0 0.0294096
287.0 0.0289344
288.0 0.0284691
289.0 0.0280135
290.0 0.0275671
291.0 0.0271299
292.0 0.0267017
293.0 0.0262820
294.0 0.0258709
295.0 0.0254679
296.0 0.0250731
297.0 0.0246860
298.0 0.0243066
299.0 0.0239348
300.0 0.0235702
301.0 0.0232127
302.0 0.0228621
303.0 0.0225184
304.0 0.0221812
305.0 0.0218505
306.0 0.0215261
307.0 0.0212079
308.0 0.0208956
309.0 0.0205893
310.0 0.0202887
311.0 0.0199937
312.0 0.0197042
313.0 0.0194200
314.0 0.0191411
315.0 0.0188673
316.0 0.0185985
317.0 0.0183346
318.0 0.0180754
319.0 0.0178209
320.0 0.0175710
321.0 0.0173256
322.0 0.0170845
323.0 0.0168477
324.0 0.0166151
325.0 0.0163866
326.0 0.0161621
327.0 0.0159415
328.0 0.0157248
329.0 0.0155118
330.0 0.0153024
331.0 0.0150967
332.0 0.0148945
333.0 0.0146957
334.0 0.0145003
335.0 0.0143082
336.0 0.0141194
337.0 0.0139337
338.0 0.0137511
339.0 0.0135716
340.0 0.0133950
341.0 0.0132214
342.0 0.0130506
343.0 0.0128826
344.0 0.0127174
345.0 0.0125549
346.0 0.0123949
347.0 0.0122376
348.0 0.0120829
349.0 0.0119305
350.0 0.0117807
351.0 0.0116332
352.0 0.0114881
353.0 0.0113452
354.0 0.0112046
355.0 0.0110663
356.0 0.0109300
357.0 0.0107960
358.0 0.0106640
359.0 0.0105340
360.0 0.0104060
361.0 0.0102801
362.0 0.0101560
363.0 0.0100339
364.0 0.00991358
365.0 0.00979511
366.0 0.00967844
367.0 0.00956352
368.0 0.00945034
369.0 0.00933884
370.0 0.00922901
371.0 0.00912082
372.0 0.00901422
373.0 0.00890922
374.0 0.00880575
375.0 0.00870380
376.0 0.00860334
377.0 0.00850434
378.0 0.00840680
379.0 0.00831066
380.0 0.00821591
381.0 0.00812254
382.0 0.00803049
383.0 0.00793976
384.0 0.00785034
385.0 0.00776218
386.0 0.00767527
387.0 0.00758960
388.0 0.00750513
389.0 0.00742184
390.0 0.00733973
391.0 0.00725875
392.0 0.00717892
393.0 0.00710018
394.0 0.00702253
395.0 0.00694595
396.0 0.00687044
397.0 0.00679596
398.0 0.00672248
399.0 0.00665002
400.0 0.00657854
401.0 0.00650803
402.0 0.00643847
403.0 0.00636985
404.0 0.00630215
405.0 0.00623536
406.0 0.00616946
407.0 0.00610445
408.0 0.00604027
409.0 0.00597697
410.0 0.00591450
411.0 0.00585284
412.0 0.00579201
413.0 0.00573196
414.0 0.00567269
415.0 0.00561421
416.0 0.00555649
417.0 0.00549950
418.0 0.00544325
419.0 0.00538773
420.0 0.00533292
421.0 0.00527881
422.0 0.00522540
423.0 0.00517266
424.0 0.00512059
425.0 0.00506919
426.0 0.00501843
427.0 0.00496831
428.0 0.00491882
429.0 0.00486995
430.0 0.00482169
431.0 0.00477404
432.0 0.00472697
433.0 0.00468049
434.0 0.00463459
435.0 0.00458924
436.0 0.00454446
437.0 0.00450023
438.0 0.00445654
439.0 0.00441338
440.0 0.00437075
441.0 0.00432863
442.0 0.00428702
443.0 0.00424592
444.0 0.00420531
445.0 0.00416519
446.0 0.00412555
447.0 0.00408639
448.0 0.00404769
449.0 0.00400945
450.0 0.00397166
451.0 0.00393433
452.0 0.00389744
453.0 0.00386097
454.0 0.00382494
455.0 0.00378933
456.0 0.00375413
457.0 0.00371935
458.0 0.00368497
459.0 0.00365099
460.0 0.00361740
461.0 0.00358420
462.0 0.00355138
463.0 0.00351894
464.0 0.00348688
465.0 0.00345518
466.0 0.00342384
467.0 0.00339285
468.0 0.00336222
469.0 0.00333194
470.0 0.00330200
471.0 0.00327239
472.0 0.00324312
473.0 0.00321418
474.0 0.00318556
475.0 0.00315726
476.0 0.00312928
477.0 0.00310160
478.0 0.00307424
479.0 0.00304717
480.0 0.00302041
481.0 0.00299394
482.0 0.00296776
483.0 0.00294187
484.0 0.00291626
485.0 0.00289093
486.0 0.00286588
487.0 0.00284110
488.0 0.00281659
489.0 0.00279234
490.0 0.00276835
491.0 0.00274463
492.0 0.00272115
493.0 0.00269793
494.0 0.00267496
495.0 0.00265223
496.0 0.00262975
497.0 0.00260750
498.0 0.00258549
499.0 0.00256371
500.0 0.00254216
501.0 0.00252084
502.0 0.00249975
503.0 0.00247887
504.0 0.00245821
505.0 0.00243777
506.0 0.00241754
507.0 0.00239752
508.0 0.00237771
509.0 0.00235810
510.0 0.00233870
511.0 0.00231950
512.0 0.00230049
513.0 0.00228168
514.0 0.00226306
515.0 0.00224464
516.0 0.00222640
517.0 0.00220834
518.0 0.00219047
519.0 0.00217278
520.0 0.00215527
521.0 0.00213793
522.0 0.00212077
523.0 0.00210379
524.0 0.00208697
525.0 0.00207032
526.0 0.00205384
527.0 0.00203752
528.0 0.00202136
529.0 0.00200537
530.0 0.00198953
531.0 0.00197385
532.0 0.00195832
533.0 0.00194295
534.0 0.00192772
535.0 0.00191265
536.0 0.00189773
537.0 0.00188295
538.0 0.00186831
539.0 0.00185382
540.0 0.00183946
541.0 0.00182525
542.0 0.00181117
543.0 0.00179724
544.0 0.00178343
545.0 0.00176976
546.0 0.00175621
547.0 0.00174280
548.0 0.00172952
549.0 0.00171636
550.0 0.00170333
551.0 0.00169042
552.0 0.00167763
553.0 0.00166496
554.0 0.00165242
555.0 0.00163999
556.0 0.00162768
557.0 0.00161549
558.0 0.00160340
559.0 0.00159143
560.0 0.00157958
561.0 0.00156783
562.0 0.00155620
563.0 0.00154467
564.0 0.00153325
565.0 0.00152193
566.0 0.00151072
567.0 0.00149961
568.0 0.00148861
569.0 0.00147770
570.0 0.00146690
571.0 0.00145619
572.0 0.00144558
573.0 0.00143507
574.0 0.00142465
575.0 0.00141433
576.0 0.00140410
577.0 0.00139396
578.0 0.00138392
579.0 0.00137397
580.0 0.00136410
581.0 0.00135433
582.0 0.00134464
583.0 0.00133503
584.0 0.00132552
585.0 0.00131609
586.0 0.00130674
587.0 0.00129747
588.0 0.00128829
589.0 0.00127919
590.0 0.00127017
591.0 0.00126123
592.0 0.00125237
593.0 0.00124358
594.0 0.00123487
595.0 0.00122624
596.0 0.00121769
597.0 0.00120921
598.0 0.00120080
599.0 0.00119246
600.0 0.00118420
601.0 0.00117601
602.0 0.00116789
603.0 0.00115984
604.0 0.00115186
605.0 0.00114395
606.0 0.00113610
607.0 0.00112833
608.0 0.00112062
609.0 0.00111297
610.0 0.00110539
611.0 0.00109788
612.0 0.00109043
613.0 0.00108304
614.0 0.00107571
615.0 0.00106845
616.0 0.00106125
617.0 0.00105410
618.0 0.00104702
619.0 0.00104000
620.0 0.00103304
621.0 0.00102613
622.0 0.00101929
623.0 0.00101250
624.0 0.00100576
625.0 0.000999085
626.0 0.000992463
627.0 0.000985895
628.0 0.000979381
629.0 0.000972922
630.0 0.000966516
631.0 0.000960163
632.0 0.000953861
633.0 0.000947612
634.0 0.000941414
635.0 0.000935264
636.0 0.000929166
637.0 0.000923118
638.0 0.000917120
639.0 0.000911170
640.0 0.000905268
641.0 0.000899413
642.0 0.000893606
643.0 0.000887846
644.0 0.000882133
645.0 0.000876464
646.0 0.000870841
647.0 0.000865264
648.0 0.000859732
649.0 0.000854243
650.0 0.000848798
651.0 0.000843397
652.0 0.000838039
653.0 0.000832722
654.0 0.000827449
655.0 0.000822216
656.0 0.000817026
657.0 0.000811875
658.0 0.000806765
659.0 0.000801697
660.0 0.000796668
661.0 0.000791677
662.0 0.000786726
663.0 0.000781814
664.0 0.000776940
665.0 0.000772104
666.0 0.000767304
667.0 0.000762543
668.0 0.000757819
669.0 0.000753131
670.0 0.000748479
671.0 0.000743864
672.0 0.000739284
673.0 0.000734739
674.0 0.000730228
675.0 0.000725753
676.0 0.000721312
677.0 0.000716904
678.0 0.000712530
679.0 0.000708190
680.0 0.000703882
681.0 0.000699607
682.0 0.000695365
683.0 0.000691155
684.0 0.000686976
685.0 0.000682830
686.0 0.000678714
687.0 0.000674630
688.0 0.000670576
689.0 0.000666551
690.0 0.000662559
691.0 0.000658595
692.0 0.000654661
693.0 0.000650757
694.0 0.000646881
695.0 0.000643035
696.0 0.000639216
697.0 0.000635426
698.0 0.000631665
699.0 0.000627930
700.0 0.000624225
701.0 0.000620545
702.0 0.000616893
703.0 0.000613268
704.0 0.000609669
705.0 0.000606097
706.0 0.000602551
707.0 0.000599030
708.0 0.000595536
709.0 0.000592067
710.0 0.000588623
711.0 0.000585204
712.0 0.000581810
713.0 0.000578441
714.0 0.000575096
715.0 0.000571774
716.0 0.000568477
717.0 0.000565204
718.0 0.000561954
719.0 0.000558728
720.0 0.000555524
721.0 0.000552344
722.0 0.000549186
723.0 0.000546051
724.0 0.000542938
725.0 0.000539847
726.0 0.000536779
727.0 0.000533732
728.0 0.000530707
729.0 0.000527703
730.0 0.000524720
731.0 0.000521758
732.0 0.000518817
733.0 0.000515897
734.0 0.000512997
735.0 0.000510118
736.0 0.000507258
737.0 0.000504420
738.0 0.000501600
739.0 0.000498801
740.0 0.000496021
741.0 0.000493260
742.0 0.000490518
743.0 0.000487796
744.0 0.000485093
745.0 0.000482407
746.0 0.000479740
747.0 0.000477092
748.0 0.000474462
749.0 0.000471851
750.0 0.000469257
751.0 0.000466681
752.0 0.000464122
753.0 0.000461582
754.0 0.000459058
755.0 0.000456552
756.0 0.000454063
757.0 0.000451591
758.0 0.000449135
759.0 0.000446696
760.0 0.000444274
761.0 0.000441868
762.0 0.000439478
763.0 0.000437105
764.0 0.000434747
765.0 0.000432406
766.0 0.000430080
767.0 0.000427769
768.0 0.000425475
769.0 0.000423195
770.0 0.000420931
771.0 0.000418682
772.0 0.000416448
773.0 0.000414229
774.0 0.000412024
775.0 0.000409835
776.0 0.000407660
777.0 0.000405499
778.0 0.000403351
779.0 0.000401219
780.0 0.000399101
781.0 0.000396996
782.0 0.000394906
783.0 0.000392829
784.0 0.000390766
785.0 0.000388716
786.0 0.000386680
787.0 0.000384657
788.0 0.000382648
789.0 0.000380651
790.0 0.000378668
791.0 0.000376697
792.0 0.000374739
793.0 0.000372794
794.0 0.000370862
795.0 0.000368941
796.0 0.000367033
797.0 0.000365138
798.0 0.000363254
799.0 0.000361383
800.0 0.000359524
801.0 0.000357677
802.0 0.000355842
803.0 0.000354019
804.0 0.000352207
805.0 0.000350407
806.0 0.000348618
807.0 0.000346841
808.0 0.000345074
809.0 0.000343319
810.0 0.000341576
811.0 0.000339843
812.0 0.000338121
813.0 0.000336410
814.0 0.000334711
815.0 0.000333022
816.0 0.000331342
817.0 0.000329674
818.0 0.000328016
819.0 0.000326369
820.0 0.000324732
821.0 0.000323106
822.0 0.000321489
823.0 0.000319883
824.0 0.000318287
825.0 0.000316700
826.0 0.000315124
827.0 0.000313557
828.0 0.000312000
829.0 0.000310452
830.0 0.000308914
831.0 0.000307386
832.0 0.000305867
833.0 0.000304358
834.0 0.000302858
835.0 0.000301366
836.0 0.000299885
837.0 0.000298411
838.0 0.000296948
839.0 0.000295493
840.0 0.000294047
841.0 0.000292610
842.0 0.000291182
843.0 0.000289762
844.0 0.000288351
845.0 0.000286949
846.0 0.000285555
847.0 0.000284170
848.0 0.000282792
849.0 0.000281424
850.0 0.000280064
851.0 0.000278711
852.0 0.000277367
853.0 0.000276031
854.0 0.000274703
855.0 0.000273383
856.0 0.000272071
857.0 0.000270767
858.0 0.000269470
859.0 0.000268182
860.0 0.000266900
861.0 0.000265627
862.0 0.000264361
863.0 0.000263103
864.0 0.000261852
865.0 0.000260609
866.0 0.000259373
867.0 0.000258144
868.0 0.000256923
869.0 0.000255709
870.0 0.000254501
871.0 0.000253301
872.0 0.000252108
873.0 0.000250923
874.0 0.000249744
875.0 0.000248572
876.0 0.000247407
877.0 0.000246248
878.0 0.000245097
879.0 0.000243952
880.0 0.000242814
881.0 0.000241682
882.0 0.000240557
883.0 0.000239439
884.0 0.000238327
885.0 0.000237221
886.0 0.000236122
887.0 0.000235029
888.0 0.000233943
889.0 0.000232863
890.0 0.000231789
891.0 0.000230721
892.0 0.000229659
893.0 0.000228604
894.0 0.000227554
895.0 0.000226511
896.0 0.000225474
897.0 0.000224442
898.0 0.000223416
899.0 0.000222396
900.0 0.000221382
901.0 0.000220374
902.0 0.000219372
903.0 0.000218375
904.0 0.000217383
905.0 0.000216398
906.0 0.000215418
907.0 0.000214443
908.0 0.000213474
909.0 0.000212511
910.0 0.000211553
911.0 0.000210600
912.0 0.000209653
913.0 0.000208711
914.0 0.000207774
915.0 0.000206842
916.0 0.000205916
917.0 0.000204995
918.0 0.000204079
919.0 0.000203168
920.0 0.000202262
921.0 0.000201362
922.0 0.000200466
923.0 0.000199575
924.0 0.000198689
925.0 0.000197808
926.0 0.000196932
927.0 0.000196061
928.0 0.000195195
929.0 0.000194333
930.0 0.000193476
931.0 0.000192624
932.0 0.000191776
933.0 0.000190934
934.0 0.000190095
935.0 0.000189262
936.0 0.000188433
937.0 0.000187608
938.0 0.000186788
939.0 0.000185973
940.0 0.000185162
941.0 0.000184355
942.0 0.000183552
943.0 0.000182755
944.0 0.000181961
945.0 0.000181171
946.0 0.000180386
947.0 0.000179606
948.0 0.000178829
949.0 0.000178057
950.0 0.000177288
951.0 0.000176524
952.0 0.000175764
953.0 0.000175008
954.0 0.000174256
955.0 0.000173509
956.0 0.000172765
957.0 0.000172025
958.0 0.000171289
959.0 0.000170557
960.0 0.000169829
961.0 0.000169105
962.0 0.000168384
963.0 0.000167668
964.0 0.000166955
965.0 0.000166246
966.0 0.000165541
967.0 0.000164840
968.0 0.000164142
969.0 0.000163448
970.0 0.000162758
971.0 0.000162071
972.0 0.000161388
973.0 0.000160708
974.0 0.000160032
975.0 0.000159360
976.0 0.000158691
977.0 0.000158026
978.0 0.000157363
979.0 0.000156705
980.0 0.000156050
981.0 0.000155398
982.0 0.000154750
983.0 0.000154105
984.0 0.000153464
985.0 0.000152826
986.0 0.000152191
987.0 0.000151559
988.0 0.000150931
989.0 0.000150306
990.0 0.000149684
991.0 0.000149066
992.0 0.000148450
993.0 0.000147838
994.0 0.000147229
995.0 0.000146623
996.0 0.000146020
997.0 0.000145421
998.0 0.000144824
999.0 0.000144230
1000.0 0.000143640
1001.0 0.000143052
1002.0 0.000142468
1003.0 0.000141886
1004.0 0.000141307
1005.0 0.000140732
1006.0 0.000140159
1007.0 0.000139589
1008.0 0.000139022
1009.0 0.000138458
1010.0 0.000137897
1011.0 0.000137339
1012.0 0.000136783
1013.0 0.000136230
1014.0 0.000135680
1015.0 0.000135133
1016.0 0.000134589
1017.0 0.000134047
1018.0 0.000133508
1019.0 0.000132972
1020.0 0.000132438
1021.0 0.000131907
1022.0 0.000131379
1023.0 0.000130853
1024.0 0.000130330
1025.0 0.000129810
1026.0 0.000129292
1027.0 0.000128777
1028.0 0.000128264
1029.0 0.000127754
1030.0 0.000127246
1031.0 0.000126741
1032.0 0.000126239
1033.0 0.000125739
1034.0 0.000125241
1035.0 0.000124746
1036.0 0.000124253
1037.0 0.000123763
1038.0 0.000123275
1039.0 0.000122790
1040.0 0.000122307
1041.0 0.000121826
1042.0 0.000121347
1043.0 0.000120871
1044.0 0.000120398
1045.0 0.000119926
1046.0 0.000119457
1047.0 0.000118990
1048.0 0.000118526
1049.0 0.000118064
1050.0 0.000117604
1051.0 0.000117146
1052.0 0.000116690
1053.0 0.000116237
1054.0 0.000115786
1055.0 0.000115337
1056.0 0.000114890
1057.0 0.000114446
1058.0 0.000114003
1059.0 0.000113563
1060.0 0.000113125
1061.0 0.000112689
1062.0 0.000112255
1063.0 0.000111823
1064.0 0.000111393
1065.0 0.000110965
1066.0 0.000110539
1067.0 0.000110116
1068.0 0.000109694
1069.0 0.000109274
1070.0 0.000108857
1071.0 0.000108441
1072.0 0.000108027
1073.0 0.000107616
1074.0 0.000107206
1075.0 0.000106798
1076.0 0.000106392
1077.0 0.000105988
1078.0 0.000105586
1079.0 0.000105186
1080.0 0.000104788
1081.0 0.000104392
1082.0 0.000103997
1083.0 0.000103605
1084.0 0.000103214
1085.0 0.000102825
1086.0 0.000102438
1087.0 0.000102053
1088.0 0.000101669
1089.0 0.000101287
1090.0 0.000100908
1091.0 0.000100529
1092.0 0.000100153
1093.0 9.97784e-05
1094.0 9.94057e-05
1095.0 9.90345e-05
1096.0 9.86652e-05
1097.0 9.82975e-05
1098.0 9.79315e-05
1099.0 9.75673e-05
1100.0 9.72048e-05
1101.0 9.68440e-05
1102.0 9.64847e-05
1103.0 9.61272e-05
1104.0 9.57713e-05
1105.0 9.54170e-05
1106.0 9.50644e-05
1107.0 9.47133e-05
1108.0 9.43640e-05
1109.0 9.40162e-05
1110.0 9.36701e-05
1111.0 9.33255e-05
1112.0 9.29826e-05
1113.0 9.26411e-05
1114.0 9.23014e-05
1115.0 9.19631e-05
1116.0 9.16263e-05
1117.0 9.12911e-05
1118.0 9.09573e-05
1119.0 9.06253e-05
1120.0 9.02946e-05
1121.0 8.99654e-05
1122.0 8.96378e-05
1123.0 8.93117e-05
1124.0 8.89871e-05
1125.0 8.86639e-05
1126.0 8.83422e-05
1127.0 8.80219e-05
1128.0 8.77030e-05
1129.0 8.73856e-05
1130.0 8.70697e-05
1131.0 8.67552e-05
1132.0 8.64421e-05
1133.0 8.61304e-05
1134.0 8.58201e-05
1135.0 8.55112e-05
1136.0 8.52038e-05
1137.0 8.48976e-05
1138.0 8.45929e-05
1139.0 8.42895e-05
1140.0 8.39874e-05
1141.0 8.36867e-05
1142.0 8.33874e-05
1143.0 8.30894e-05
1144.0 8.27927e-05
1145.0 8.24974e-05
1146.0 8.22034e-05
1147.0 8.19106e-05
1148.0 8.16191e-05
1149.0 8.13290e-05
1150.0 8.10401e-05
1151.0 8.07526e-05
1152.0 8.04662e-05
1153.0 8.01812e-05
1154.0 7.98975e-05
1155.0 7.96149e-05
1156.0 7.93337e-05
1157.0 7.90536e-05
1158.0 7.87749e-05
1159.0 7.84973e-05
1160.0 7.82209e-05
1161.0 7.79457e-05
1162.0 7.76717e-05
1163.0 7.73991e-05
1164.0 7.71276e-05
1165.0 7.68572e-05
1166.0 7.65881e-05
1167.0 7.63201e-05
1168.0 7.60533e-05
1169.0 7.57876e-05
1170.0 7.55231e-05
1171.0 7.52597e-05
1172.0 7.49976e-05
1173.0 7.47365e-05
1174.0 7.44767e-05
1175.0 7.42178e-05
1176.0 7.39601e-05
1177.0 7.37036e-05
1178.0 7.34482e-05
1179.0 7.31938e-05
1180.0 7.29405e-05
1181.0 7.26884e-05
1182.0 7.24374e-05
1183.0 7.21874e-05
1184.0 7.19384e-05
1185.0 7.16907e-05
1186.0 7.14439e-05
1187.0 7.11982e-05
1188.0 7.09535e-05
1189.0 7.07099e-05
1190.0 7.04674e-05
1191.0 7.02259e-05
1192.0 6.99854e-05
1193.0 6.97459e-05
1194.0 6.95074e-05
1195.0 6.92700e-05
1196.0 6.90336e-05
1197.0 6.87982e-05
1198.0 6.85639e-05
1199.0 6.83304e-05
1200.0 6.80980e-05
1201.0 6.78666e-05
1202.0 6.76361e-05
1203.0 6.74066e-05
1204.0 6.71782e-05
1205.0 6.69506e-05
1206.0 6.67241e-05
1207.0 6.64985e-05
1208.0 6.62738e-05
1209.0 6.60502e-05
1210.0 6.58273e-05
1211.0 6.56055e-05
1212.0 6.53846e-05
1213.0 6.51646e-05
1214.0 6.49456e-05
1215.0 6.47274e-05
1216.0 6.45103e-05
1217.0 6.42940e-05
1218.0 6.40786e-05
1219.0 6.38641e-05
1220.0 6.36505e-05
1221.0 6.34378e-05
1222.0 6.32260e-05
1223.0 6.30150e-05
1224.0 6.28049e-05
1225.0 6.25958e-05
1226.0 6.23874e-05
1227.0 6.21799e-05
1228.0 6.19733e-05
1229.0 6.17676e-05
1230.0 6.15627e-05
1231.0 6.13587e-05
1232.0 6.11555e-05
1233.0 6.09531e-05
1234.0 6.07516e-05
1235.0 6.05508e-05
1236.0 6.03511e-05
1237.0 6.01520e-05
1238.0 5.99538e-05
1239.0 5.97564e-05
1240.0 5.95598e-05
1241.0 5.93641e-05
1242.0 5.91691e-05
1243.0 5.89749e-05
1244.0 5.87815e-05
1245.0 5.85889e-05
1246.0 5.83971e-05
1247.0 5.82060e-05
1248.0 5.80159e-05
1249.0 5.78264e-05
1250.0 5.76377e-05
1251.0 5.74497e-05
1252.0 5.72626e-05
1253.0 5.70762e-05
1254.0 5.68906e-05
1255.0 5.67056e-05
1256.0 5.65215e-05
1257.0 5.63381e-05
1258.0 5.61555e-05
1259.0 5.59736e-05
1260.0 5.57924e-05
1261.0 5.56120e-05
1262.0 5.54323e-05
1263.0 5.52533e-05
1264.0 5.50750e-05
1265.0 5.48974e-05
1266.0 5.47206e-05
1267.0 5.45444e-05
1268.0 5.43690e-05
1269.0 5.41943e-05
1270.0 5.40203e-05
1271.0 5.38470e-05
1272.0 5.36744e-05
1273.0 5.35025e-05
1274.0 5.33312e-05
1275.0 5.31607e-05
1276.0 5.29907e-05
1277.0 5.28216e-05
1278.0 5.26531e-05
1279.0 5.24852e-05
1280.0 5.23180e-05
1281.0 5.21514e-05
1282.0 5.19856e-05
1283.0 5.18204e-05
1284.0 5.16559e-05
1285.0 5.14919e-05
1286.0 5.13287e-05
1287.0 5.11661e-05
1288.0 5.10041e-05
1289.0 5.08428e-05
1290.0 5.06821e-05
1291.0 5.05221e-05
1292.0 5.03626e-05
1293.0 5.02038e-05
1294.0 5.00457e-05
1295.0 4.98882e-05
1296.0 4.97312e-05
1297.0 4.95749e-05
1298.0 4.94192e-05
1299.0 4.92641e-05
1300.0 4.91096e-05
1301.0 4.89558e-05
1302.0 4.88025e-05
1303.0 4.86498e-05
1304.0 4.84977e-05
1305.0 4.83463e-05
1306.0 4.81953e-05
1307.0 4.80451e-05
1308.0 4.78953e-05
1309.0 4.77462e-05
1310.0 4.75976e-05
1311.0 4.74496e-05
1312.0 4.73022e-05
1313.0 4.71554e-05
1314.0 4.70091e-05
1315.0 4.68634e-05
1316.0 4.67183e-05
1317.0 4.65737e-05
1318.0 4.64297e-05
1319.0 4.62862e-05
1320.0 4.61433e-05
1321.0 4.60009e-05
1322.0 4.58591e-05
1323.0 4.57179e-05
1324.0 4.55772e-05
1325.0 4.54370e-05
1326.0 4.52973e-05
1327.0 4.51582e-05
1328.0 4.50196e-05
1329.0 4.48816e-05
1330.0 4.47441e-05
1331.0 4.46071e-05
1332.0 4.44707e-05
1333.0 4.43347e-05
1334.0 4.41993e-05
1335.0 4.40644e-05
1336.0 4.39299e-05
1337.0 4.37961e-05
1338.0 4.36627e-05
1339.0 4.35298e-05
1340.0 4.33974e-05
1341.0 4.32656e-05
1342.0 4.31342e-05
1343.0 4.30033e-05
1344.0 4.28730e-05
1345.0 4.27431e-05
1346.0 4.26137e-05
1347.0 4.24849e-05
1348.0 4.23564e-05
1349.0 4.22285e-05
1350.0 4.21011e-05
1351.0 4.19741e-05
1352.0 4.18476e-05
1353.0 4.17216e-05
1354.0 4.15961e-05
1355.0 4.14710e-05
1356.0 4.13464e-05
1357.0 4.12223e-05
1358.0 4.10986e-05
1359.0 4.09754e-05
1360.0 4.08527e-05
1361.0 4.07304e-05
1362.0 4.06086e-05
1363.0 4.04872e-05
1364.0 4.03663e-05
1365.0 4.02458e-05
1366.0 4.01258e-05
1367.0 4.00063e-05
1368.0 3.98871e-05
1369.0 3.97684e-05
1370.0 3.96502e-05
1371.0 3.95324e-05
1372.0 3.94151e-05
1373.0 3.92982e-05
1374.0 3.91816e-05
1375.0 3.90655e-05
1376.0 3.89499e-05
1377.0 3.88347e-05
1378.0 3.87199e-05
1379.0 3.86056e-05
1380.0 3.84916e-05
1381.0 3.83781e-05
1382.0 3.82650e-05
1383.0 3.81523e-05
1384.0 3.80400e-05
1385.0 3.79282e-05
1386.0 3.78168e-05
1387.0 3.77057e-05
1388.0 3.75951e-05
1389.0 3.74848e-05
1390.0 3.73750e-05
1391.0 3.72656e-05
1392.0 3.71566e-05
1393.0 3.70480e-05
1394.0 3.69397e-05
1395.0 3.68319e-05
1396.0 3.67244e-05
1397.0 3.66174e-05
1398.0 3.65107e-05
1399.0 3.64045e-05
1400.0 3.62985e-05
1401.0 3.61930e-05
1402.0 3.60879e-05
1403.0 3.59832e-05
1404.0 3.58788e-05
1405.0 3.57748e-05
1406.0 3.56712e-05
1407.0 3.55680e-05
1408.0 3.54652e-05
1409.0 3.53626e-05
1410.0 3.52606e-05
1411.0 3.51588e-05
1412.0 3.50574e-05
1413.0 3.49564e-05
1414.0 3.48558e-05
1415.0 3.47555e-05
1416.0 3.46555e-05
1417.0 3.45559e-05
1418.0 3.44567e-05
1419.0 3.43578e-05
1420.0 3.42594e-05
1421.0 3.41612e-05
1422.0 3.40634e-05
1423.0 3.39660e-05
1424.0 3.38689e-05
1425.0 3.37721e-05
1426.0 3.36757e-05
1427.0 3.35796e-05
1428.0 3.34839e-05
1429.0 3.33885e-05
1430.0 3.32934e-05
1431.0 3.31987e-05
1432.0 3.31043e-05
1433.0 3.30103e-05
1434.0 3.29166e-05
1435.0 3.28232e-05
1436.0 3.27302e-05
1437.0 3.26375e-05
1438.0 3.25451e-05
1439.0 3.24530e-05
1440.0 3.23613e-05
1441.0 3.22699e-05
1442.0 3.21788e-05
1443.0 3.20881e-05
1444.0 3.19976e-05
1445.0 3.19074e-05
1446.0 3.18177e-05
1447.0 3.17282e-05
1448.0 3.16390e-05
1449.0 3.15501e-05
1450.0 3.14615e-05
1451.0 3.13733e-05
1452.0 3.12854e-05
1453.0 3.11977e-05
1454.0 3.11104e-05
1455.0 3.10234e-05
1456.0 3.09366e-05
1457.0 3.08502e-05
1458.0 3.07641e-05
1459.0 3.06783e-05
1460.0 3.05928e-05
1461.0 3.05076e-05
1462.0 3.04226e-05
1463.0 3.03380e-05
1464.0 3.02537e-05
1465.0 3.01696e-05
1466.0 3.00859e-05
1467.0 3.00024e-05
1468.0 2.99193e-05
1469.0 2.98364e-05
1470.0 2.97538e-05
1471.0 2.96715e-05
1472.0 2.95895e-05
1473.0 2.95077e-05
1474.0 2.94263e-05
1475.0 2.93451e-05
1476.0 2.92642e-05
1477.0 2.91836e-05
1478.0 2.91032e-05
1479.0 2.90231e-05
1480.0 2.89434e-05
1481.0 2.88638e-05
1482.0 2.87846e-05
1483.0 2.87056e-05
1484.0 2.86269e-05
1485.0 2.85485e-05
1486.0 2.84703e-05
1487.0 2.83924e-05
1488.0 2.83148e-05
1489.0 2.82374e-05
1490.0 2.81603e-05
1491.0 2.80835e-05
1492.0 2.80069e-05
1493.0 2.79306e-05
1494.0 2.78545e-05
1495.0 2.77787e-05
1496.0 2.77032e-05
1497.0 2.76279e-05
1498.0 2.75529e-05
1499.0 2.74781e-05
1500.0 2.74036e-05
1501.0 2.73293e-05
1502.0 2.72553e-05
1503.0 2.71815e-05
1504.0 2.71080e-05
1505.0 2.70347e-05
1506.0 2.69617e-05
1507.0 2.68889e-05
1508.0 2.68164e-05
1509.0 2.67441e-05
1510.0 2.66720e-05
1511.0 2.66002e-05
1512.0 2.65287e-05
1513.0 2.64573e-05
1514.0 2.63863e-05
1515.0 2.63154e-05
1516.0 2.62448e-05
1517.0 2.61745e-05
1518.0 2.61043e-05
1519.0 2.60344e-05
1520.0 2.59647e-05
1521.0 2.58953e-05
1522.0 2.58261e-05
1523.0 2.57571e-05
1524.0 2.56884e-05
1525.0 2.56198e-05
1526.0 2.55515e-05
1527.0 2.54835e-05
1528.0 2.54156e-05
1529.0 2.53480e-05
1530.0 2.52807e-05
1531.0 2.52135e-05
1532.0 2.51466e-05
1533.0 2.50799e-05
1534.0 2.50134e-05
1535.0 2.49471e-05
1536.0 2.48811e-05
1537.0 2.48152e-05
1538.0 2.47496e-05
1539.0 2.46842e-05
1540.0 2.46190e-05
1541.0 2.45540e-05
1542.0 2.44893e-05
1543.0 2.44248e-05
1544.0 2.43604e-05
1545.0 2.42963e-05
1546.0 2.42324e-05
1547.0 2.41687e-05
1548.0 2.41052e-05
1549.0 2.40419e-05
1550.0 2.39788e-05
1551.0 2.39160e-05
1552.0 2.38533e-05
1553.0 2.37909e-05
1554.0 2.37286e-05
1555.0 2.36666e-05
1556.0 2.36047e-05
1557.0 2.35431e-05
1558.0 2.34816e-05
1559.0 2.34204e-05
1560.0 2.33593e-05
1561.0 2.32985e-05
1562.0 2.32378e-05
1563.0 2.31774e-05
1564.0 2.31171e-05
1565.0 2.30571e-05
1566.0 2.29972e-05
1567.0 2.29375e-05
1568.0 2.28781e-05
1569.0 2.28188e-05
1570.0 2.27597e-05
1571.0 2.27008e-05
1572.0 2.26421e-05
1573.0 2.25836e-05
1574.0 2.25252e-05
1575.0 2.24671e-05
1576.0 2.24091e-05
1577.0 2.23514e-05
1578.0 2.22938e-05
1579.0 2.22364e-05
1580.0 2.21791e-05
1581.0 2.21221e-05
1582.0 2.20653e-05
1583.0 2.20086e-05
1584.0 2.19521e-05
1585.0 2.18958e-05
1586.0 2.18397e-05
1587.0 2.17838e-05
1588.0 2.17280e-05
1589.0 2.16724e-05
1590.0 2.16170e-05
1591.0 2.15618e-05
1592.0 2.15067e-05
1593.0 2.14518e-05
1594.0 2.13971e-05
1595.0 2.13426e-05
1596.0 2.12882e-05
1597.0 2.12341e-05
1598.0 2.11800e-05
1599.0 2.11262e-05
1600.0 2.10725e-05
1601.0 2.10190e-05
1602.0 2.09657e-05
1603.0 2.09125e-05
1604.0 2.08595e-05
1605.0 2.08067e-05
1606.0 2.07540e-05
1607.0 2.07015e-05
1608.0 2.06492e-05
1609.0 2.05971e-05
1610.0 2.05451e-05
1611.0 2.04932e-05
1612.0 2.04416e-05
1613.0 2.03901e-05
1614.0 2.03387e-05
1615.0 2.02875e-05
1616.0 2.02365e-05
1617.0 2.01856e-05
1618.0 2.01350e-05
1619.0 2.00844e-05
1620.0 2.00340e-05
1621.0 1.99838e-05
1622.0 1.99337e-05
1623.0 1.98838e-05
1624.0 1.98340e-05
1625.0 1.97844e-05
1626.0 1.97350e-05
1627.0 1.96857e-05
1628.0 1.96366e-05
1629.0 1.95876e-05
1630.0 1.95387e-05
1631.0 1.94901e-05
1632.0 1.94415e-05
1633.0 1.93932e-05
1634.0 1.93449e-05
1635.0 1.92968e-05
1636.0 1.92489e-05
1637.0 1.92011e-05
1638.0 1.91535e-05
1639.0 1.91060e-05
1640.0 1.90587e-05
1641.0 1.90115e-05
1642.0 1.89644e-05
1643.0 1.89175e-05
1644.0 1.88708e-05
1645.0 1.88242e-05
1646.0 1.87777e-05
1647.0 1.87314e-05
1648.0 1.86852e-05
1649.0 1.86391e-05
1650.0 1.85932e-05
1651.0 1.85475e-05
1652.0 1.85019e-05
1653.0 1.84564e-05
1654.0 1.84110e-05
1655.0 1.83659e-05
1656.0 1.83208e-05
1657.0 1.82759e-05
1658.0 1.82311e-05
1659.0 1.81864e-05
1660.0 1.81419e-05
1661.0 1.80975e-05
1662.0 1.80533e-05
1663.0 1.80092e-05
1664.0 1.79652e-05
1665.0 1.79214e-05
1666.0 1.78777e-05
1667.0 1.78341e-05
1668.0 1.77907e-05
1669.0 1.77474e-05
1670.0 1.77042e-05
1671.0 1.76611e-05
1672.0 1.76183e-05
1673.0 1.75755e-05
1674.0 1.75328e-05
1675.0 1.74903e-05
1676.0 1.74479e-05
1677.0 1.74056e-05
1678.0 1.73635e-05
1679.0 1.73215e-05
1680.0 1.72796e-05
1681.0 1.72378e-05
1682.0 1.71962e-05
1683.0 1.71547e-05
1684.0 1.71133e-05
1685.0 1.70721e-05
1686.0 1.70309e-05
1687.0 1.69899e-05
1688.0 1.69490e-05
1689.0 1.69083e-05
1690.0 1.68676e-05
1691.0 1.68271e-05
1692.0 1.67867e-05
1693.0 1.67464e-05
1694.0 1.67063e-05
1695.0 1.66662e-05
1696.0 1.66263e-05
1697.0 1.65865e-05
1698.0 1.65469e-05
1699.0 1.65073e-05
1700.0 1.64679e-05
1701.0 1.64285e-05
1702.0 1.63893e-05
1703.0 1.63502e-05
1704.0 1.63113e-05
1705.0 1.62724e-05
1706.0 1.62337e-05
1707.0 1.61951e-05
1708.0 1.61566e-05
1709.0 1.61181e-05
1710.0 1.60799e-05
1711.0 1.60417e-05
1712.0 1.60036e-05
1713.0 1.59657e-05
1714.0 1.59279e-05
1715.0 1.58902e-05
1716.0 1.58525e-05
1717.0 1.58150e-05
1718.0 1.57777e-05
1719.0 1.57404e-05
1720.0 1.57032e-05
1721.0 1.56662e-05
1722.0 1.56292e-05
1723.0 1.55924e-05
1724.0 1.55556e-05
1725.0 1.55190e-05
1726.0 1.54825e-05
1727.0 1.54461e-05
1728.0 1.54098e-05
1729.0 1.53736e-05
1730.0 1.53375e-05
1731.0 1.53016e-05
1732.0 1.52657e-05
1733.0 1.52299e-05
1734.0 1.51943e-05
1735.0 1.51587e-05
1736.0 1.51232e-05
1737.0 1.50879e-05
1738.0 1.50526e-05
1739.0 1.50175e-05
1740.0 1.49825e-05
1741.0 1.49475e-05
1742.0 1.49127e-05
1743.0 1.48779e-05
1744.0 1.48433e-05
1745.0 1.48087e-05
1746.0 1.47743e-05
1747.0 1.47400e-05
1748.0 1.47057e-05
1749.0 1.46716e-05
1750.0 1.46375e-05
1751.0 1.46036e-05
1752.0 1.45698e-05
1753.0 1.45360e-05
1754.0 1.45024e-05
1755.0 1.44688e-05
1756.0 1.44354e-05
1757.0 1.44020e-05
1758.0 1.43688e-05
1759.0 1.43356e-05
1760.0 1.43025e-05
1761.0 1.42695e-05
1762.0 1.42367e-05
1763.0 1.42039e-05
1764.0 1.41712e-05
1765.0 1.41386e-05
1766.0 1.41061e-05
1767.0 1.40737e-05
1768.0 1.40414e-05
1769.0 1.40091e-05
1770.0 1.39770e-05
1771.0 1.39450e-05
1772.0 1.39130e-05
1773.0 1.38811e-05
1774.0 1.38494e-05
1775.0 1.38177e-05
1776.0 1.37861e-05
1777.0 1.37546e-05
1778.0 1.37232e-05
1779.0 1.36919e-05
1780.0 1.36607e-05
1781.0 1.36296e-05
1782.0 1.35985e-05
1783.0 1.35675e-05
1784.0 1.35367e-05
1785.0 1.35059e-05
1786.0 1.34752e-05
1787.0 1.34446e-05
1788.0 1.34141e-05
1789.0 1.33836e-05
1790.0 1.33533e-05
1791.0 1.33230e-05
1792.0 1.32928e-05
1793.0 1.32627e-05
1794.0 1.32327e-05
1795.0 1.32028e-05
1796.0 1.31730e-05
1797.0 1.31432e-05
1798.0 1.31135e-05
1799.0 1.30840e-05
1800.0 1.30545e-05
1801.0 1.30250e-05
1802.0 1.29957e-05
1803.0 1.29664e-05
1804.0 1.29373e-05
1805.0 1.29082e-05
1806.0 1.28792e-05
1807.0 1.28502e-05
1808.0 1.28214e-05
1809.0 1.27926e-05
1810.0 1.27640e-05
1811.0 1.27353e-05
1812.0 1.27068e-05
1813.0 1.26784e-05
1814.0 1.26500e-05
1815.0 1.26217e-05
1816.0 1.25935e-05
1817.0 1.25654e-05
1818.0 1.25373e-05
1819.0 1.25094e-05
1820.0 1.24815e-05
1821.0 1.24537e-05
1822.0 1.24259e-05
1823.0 1.23982e-05
1824.0 1.23707e-05
1825.0 1.23432e-05
1826.0 1.23157e-05
1827.0 1.22884e-05
1828.0 1.22611e-05
1829.0 1.22339e-05
1830.0 1.22068e-05
1831.0 1.21797e-05
1832.0 1.21527e-05
1833.0 1.21258e-05
1834.0 1.20990e-05
1835.0 1.20722e-05
1836.0 1.20456e-05
1837.0 1.20189e-05
1838.0 1.19924e-05
1839.0 1.19659e-05
1840.0 1.19396e-05
1841.0 1.19132e-05
1842.0 1.18870e-05
1843.0 1.18608e-05
1844.0 1.18347e-05
1845.0 1.18087e-05
1846.0 1.17828e-05
1847.0 1.17569e-05
1848.0 1.17310e-05
1849.0 1.17053e-05
1850.0 1.16796e-05
1851.0 1.16540e-05
1852.0 1.16285e-05
1853.0 1.16030e-05
1854.0 1.15776e-05
1855.0 1.15523e-05
1856.0 1.15271e-05
1857.0 1.15019e-05
1858.0 1.14768e-05
1859.0 1.14517e-05
1860.0 1.14267e-05
1861.0 1.14018e-05
1862.0 1.13770e-05
1863.0 1.13522e-05
1864.0 1.13275e-05
1865.0 1.13028e-05
1866.0 1.12783e-05
1867.0 1.12538e-05
1868.0 1.12293e-05
1869.0 1.12049e-05
1870.0 1.11806e-05
1871.0 1.11564e-05
1872.0 1.11322e-05
1873.0 1.11081e-05
1874.0 1.10840e-05
1875.0 1.10601e-05
1876.0 1.10361e-05
1877.0 1.10123e-05
1878.0 1.09885e-05
1879.0 1.09648e-05
1880.0 1.09411e-05
1881.0 1.09175e-05
1882.0 1.08940e-05
1883.0 1.08705e-05
1884.0 1.08471e-05
1885.0 1.08238e-05
1886.0 1.08005e-05
1887.0 1.07773e-05
1888.0 1.07541e-05
1889.0 1.07310e-05
1890.0 1.07080e-05
1891.0 1.06850e-05
1892.0 1.06621e-05
1893.0 1.06392e-05
1894.0 1.06164e-05
1895.0 1.05937e-05
1896.0 1.05711e-05
1897.0 1.05485e-05
1898.0 1.05259e-05
1899.0 1.05034e-05
1900.0 1.04810e-05
1901.0 1.04586e-05
1902.0 1.04363e-05
1903.0 1.04141e-05
1904.0 1.03919e-05
1905.0 1.03698e-05
1906.0 1.03477e-05
1907.0 1.03257e-05
1908.0 1.03037e-05
1909.0 1.02818e-05
1910.0 1.02600e-05
1911.0 1.02382e-05
1912.0 1.02165e-05
1913.0 1.01949e-05
1914.0 1.01733e-05
1915.0 1.01517e-05
1916.0 1.01302e-05
1917.0 1.01088e-05
1918.0 1.00874e-05
1919.0 1.00661e-05
1920.0 1.00448e-05
1921.0 1.00236e-05
1922.0 1.00025e-05
1923.0 9.98138e-06
1924.0 9.96033e-06
1925.0 9.93934e-06
1926.0 9.91842e-06
1927.0 9.89755e-06
1928.0 9.87673e-06
1929.0 9.85596e-06
1930.0 9.83525e-06
1931.0 9.81459e-06
1932.0 9.79398e-06
1933.0 9.77344e-06
1934.0 9.75294e-06
1935.0 9.73250e-06
1936.0 9.71212e-06
1937.0 9.69178e-06
1938.0 9.67150e-06
1939.0 9.65127e-06
1940.0 9.63110e-06
1941.0 9.61097e-06
1942.0 9.59090e-06
1943.0 9.57088e-06
1944.0 9.55092e-06
1945.0 9.53101e-06
1946.0 9.51115e-06
1947.0 9.49134e-06
1948.0 9.47158e-06
1949.0 9.45187e-06
1950.0 9.43222e-06
1951.0 9.41261e-06
1952.0 9.39306e-06
1953.0 9.37356e-06
1954.0 9.35410e-06
1955.0 9.33469e-06
1956.0 9.31534e-06
1957.0 9.29605e-06
1958.0 9.27679e-06
1959.0 9.25760e-06
1960.0 9.23844e-06
1961.0 9.21933e-06
1962.0 9.20029e-06
1963.0 9.18128e-06
1964.0 9.16232e-06
1965.0 9.14341e-06
1966.0 9.12457e-06
1967.0 9.10575e-06
1968.0 9.08700e-06
1969.0 9.06828e-06
1970.0 9.04961e-06
1971.0 9.03100e-06
1972.0 9.01242e-06
1973.0 8.99390e-06
1974.0 8.97542e-06
1975.0 8.95699e-06
1976.0 8.93862e-06
1977.0 8.92029e-06
1978.0 8.90200e-06
1979.0 8.88377e-06
1980.0 8.86558e-06
1981.0 8.84743e-06
1982.0 8.82933e-06
1983.0 8.81128e-06
1984.0 8.79327e-06
1985.0 8.77531e-06
1986.0 8.75740e-06
1987.0 8.73953e-06
1988.0 8.72170e-06
1989.0 8.70393e-06
1990.0 8.68619e-06
1991.0 8.66851e-06
1992.0 8.65087e-06
1993.0 8.63327e-06
1994.0 8.61572e-06
1995.0 8.59820e-06
1996.0 8.58073e-06
1997.0 8.56332e-06
1998.0 8.54594e-06
1999.0 8.52861e-06
2000.0 8.51132e-06
2001.0 8.49408e-06
2002.0 8.47689e-06
2003.0 8.45973e-06
2004.0 8.44261e-06
2005.0 8.42554e-06
2006.0 8.40851e-06
2007.0 8.39154e-06
2008.0 8.37459e-06
2009.0 8.35769e-06
2010.0 8.34084e-06
2011.0 8.32403e-06
2012.0 8.30726e-06
2013.0 8.29053e-06
2014.0 8.27384e-06
2015.0 8.25720e-06
2016.0 8.24059e-06
2017.0 8.22402e-06
2018.0 8.20750e-06
2019.0 8.19103e-06
2020.0 8.17459e-06
2021.0 8.15819e-06
2022.0 8.14184e-06
2023.0 8.12553e-06
2024.0 8.10925e-06
2025.0 8.09302e-06
2026.0 8.07683e-06
2027.0 8.06068e-06
2028.0 8.04457e-06
2029.0 8.02850e-06
2030.0 8.01247e-06
2031.0 7.99648e-06
2032.0 7.98052e-06
2033.0 7.96462e-06
2034.0 7.94874e-06
2035.0 7.93291e-06
2036.0 7.91712e-06
2037.0 7.90136e-06
2038.0 7.88565e-06
2039.0 7.86997e-06
2040.0 7.85434e-06
2041.0 7.83874e-06
2042.0 7.82318e-06
2043.0 7.80766e-06
2044.0 7.79218e-06
2045.0 7.77673e-06
2046.0 7.76133e-06
2047.0 7.74596e-06
2048.0 7.73063e-06
2049.0 7.71535e-06
2050.0 7.70009e-06
2051.0 7.68488e-06
2052.0 7.66970e-06
2053.0 7.65455e-06
2054.0 7.63945e-06
2055.0 7.62438e-06
2056.0 7.60936e-06
2057.0 7.59436e-06
2058.0 7.57941e-06
2059.0 7.56449e-06
2060.0 7.54961e-06
2061.0 7.53476e-06
2062.0 7.51995e-06
2063.0 7.50518e-06
2064.0 7.49044e-06
2065.0 7.47574e-06
2066.0 7.46108e-06
2067.0 7.44645e-06
2068.0 7.43186e-06
2069.0 7.41730e-06
2070.0 7.40278e-06
2071.0 7.38830e-06
2072.0 7.37384e-06
2073.0 7.35943e-06
2074.0 7.34505e-06
2075.0 7.33071e-06
2076.0 7.31640e-06
2077.0 7.30212e-06
2078.0 7.28788e-06
2079.0 7.27367e-06
2080.0 7.25950e-06
2081.0 7.24537e-06
2082.0 7.23127e-06
2083.0 7.21719e-06
2084.0 7.20316e-06
2085.0 7.18916e-06
2086.0 7.17520e-06
2087.0 7.16127e-06
2088.0 7.14737e-06
2089.0 7.13351e-06
2090.0 7.11968e-06
2091.0 7.10588e-06
2092.0 7.09212e-06
2093.0 7.07839e-06
2094.0 7.06469e-06
2095.0 7.05102e-06
2096.0 7.03740e-06
2097.0 7.02380e-06
2098.0 7.01024e-06
2099.0 6.99670e-06
2100.0 6.98320e-06
2101.0 6.96973e-06
2102.0 6.95630e-06
2103.0 6.94289e-06
2104.0 6.92952e-06
2105.0 6.91618e-06
2106.0 6.90288e-06
2107.0 6.88960e-06
2108.0 6.87636e-06
2109.0 6.86315e-06
2110.0 6.84997e-06
2111.0 6.83682e-06
2112.0 6.82371e-06
2113.0 6.81063e-06
2114.0 6.79757e-06
2115.0 6.78455e-06
2116.0 6.77156e-06
2117.0 6.75860e-06
2118.0 6.74567e-06
2119.0 6.73276e-06
2120.0 6.71990e-06
2121.0 6.70707e-06
2122.0 6.69427e-06
2123.0 6.68148e-06
2124.0 6.66874e-06
2125.0 6.65603e-06
2126.0 6.64334e-06
2127.0 6.63069e-06
2128.0 6.61807e-06
2129.0 6.60547e-06
2130.0 6.59291e-06
2131.0 6.58037e-06
2132.0 6.56787e-06
2133.0 6.55540e-06
2134.0 6.54295e-06
2135.0 6.53054e-06
2136.0 6.51815e-06
2137.0 6.50580e-06
2138.0 6.49346e-06
2139.0 6.48117e-06
2140.0 6.46889e-06
2141.0 6.45666e-06
2142.0 6.44445e-06
2143.0 6.43226e-06
2144.0 6.42011e-06
2145.0 6.40799e-06
2146.0 6.39589e-06
2147.0 6.38382e-06
2148.0 6.37178e-06
2149.0 6.35977e-06
2150.0 6.34779e-06
2151.0 6.33584e-06
2152.0 6.32391e-06
2153.0 6.31201e-06
2154.0 6.30014e-06
2155.0 6.28830e-06
2156.0 6.27648e-06
2157.0 6.26469e-06
2158.0 6.25294e-06
2159.0 6.24121e-06
2160.0 6.22950e-06
2161.0 6.21783e-06
2162.0 6.20618e-06
2163.0 6.19456e-06
2164.0 6.18296e-06
2165.0 6.17139e-06
2166.0 6.15985e-06
2167.0 6.14833e-06
2168.0 6.13684e-06
2169.0 6.12539e-06
2170.0 6.11395e-06
2171.0 6.10254e-06
2172.0 6.09117e-06
2173.0 6.07981e-06
2174.0 6.06848e-06
2175.0 6.05718e-06
2176.0 6.04591e-06
2177.0 6.03466e-06
2178.0 6.02343e-06
2179.0 6.01224e-06
2180.0 6.00107e-06
2181.0 5.98993e-06
2182.0 5.97881e-06
2183.0 5.96771e-06
2184.0 5.95665e-06
2185.0 5.94561e-06
2186.0 5.93459e-06
2187.0 5.92360e-06
2188.0 5.91264e-06
2189.0 5.90169e-06
2190.0 5.89078e-06
2191.0 5.87989e-06
2192.0 5.86902e-06
2193.0 5.85819e-06
2194.0 5.84738e-06
2195.0 5.83659e-06
2196.0 5.82582e-06
2197.0 5.81508e-06
2198.0 5.80436e-06
2199.0 5.79367e-06
2200.0 5.78301e-06
2201.0 5.77237e-06
2202.0 5.76175e-06
2203.0 5.75116e-06
2204.0 5.74060e-06
2205.0 5.73005e-06
2206.0 5.71953e-06
2207.0 5.70904e-06
2208.0 5.69857e-06
2209.0 5.68812e-06
2210.0 5.67769e-06
2211.0 5.66729e-06
2212.0 5.65692e-06
2213.0 5.64657e-06
2214.0 5.63624e-06
2215.0 5.62594e-06
2216.0 5.61565e-06
2217.0 5.60539e-06
2218.0 5.59516e-06
2219.0 5.58495e-06
2220.0 5.57476e-06
2221.0 5.56460e-06
2222.0 5.55446e-06
2223.0 5.54434e-06
2224.0 5.53425e-06
2225.0 5.52417e-06
2226.0 5.51412e-06
2227.0 5.50408e-06
2228.0 5.49408e-06
2229.0 5.48411e-06
2230.0 5.47414e-06
2231.0 5.46421e-06
2232.0 5.45429e-06
2233.0 5.44440e-06
2234.0 5.43454e-06
2235.0 5.42469e-06
2236.0 5.41487e-06
2237.0 5.40506e-06
2238.0 5.39528e-06
2239.0 5.38552e-06
2240.0 5.37579e-06
2241.0 5.36608e-06
2242.0 5.35639e-06
2243.0 5.34672e-06
2244.0 5.33707e-06
2245.0 5.32745e-06
2246.0 5.31784e-06
2247.0 5.30826e-06
2248.0 5.29870e-06
2249.0 5.28916e-06
2250.0 5.27964e-06
2251.0 5.27014e-06
2252.0 5.26067e-06
2253.0 5.25121e-06
2254.0 5.24178e-06
2255.0 5.23237e-06
2256.0 5.22298e-06
2257.0 5.21361e-06
2258.0 5.20426e-06
2259.0 5.19493e-06
2260.0 5.18562e-06
2261.0 5.17633e-06
2262.0 5.16707e-06
2263.0 5.15783e-06
2264.0 5.14860e-06
2265.0 5.13940e-06
2266.0 5.13022e-06
2267.0 5.12105e-06
2268.0 5.11192e-06
2269.0 5.10279e-06
2270.0 5.09369e-06
2271.0 5.08461e-06
2272.0 5.07555e-06
2273.0 5.06651e-06
2274.0 5.05749e-06
2275.0 5.04849e-06
2276.0 5.03951e-06
2277.0 5.03055e-06
2278.0 5.02161e-06
2279.0 5.01269e-06
2280.0 5.00379e-06
2281.0 4.99491e-06
2282.0 4.98605e-06
2283.0 4.97720e-06
2284.0 4.96838e-06
2285.0 4.95958e-06
2286.0 4.95079e-06
2287.0 4.94203e-06
2288.0 4.93329e-06
2289.0 4.92456e-06
2290.0 4.91586e-06
2291.0 4.90717e-06
2292.0 4.89850e-06
2293.0 4.88986e-06
2294.0 4.88122e-06
2295.0 4.87262e-06
2296.0 4.86402e-06
2297.0 4.85545e-06
2298.0 4.84690e-06
2299.0 4.83836e-06
2300.0 4.82985e-06
2301.0 4.82135e-06
2302.0 4.81287e-06
2303.0 4.80441e-06
2304.0 4.79597e-06
2305.0 4.78755e-06
2306.0 4.77915e-06
2307.0 4.77076e-06
2308.0 4.76239e-06
2309.0 4.75404e-06
2310.0 4.74571e-06
2311.0 4.73740e-06
2312.0 4.72911e-06
2313.0 4.72083e-06
2314.0 4.71257e-06
2315.0 4.70433e-06
2316.0 4.69611e-06
2317.0 4.68791e-06
2318.0 4.67972e-06
2319.0 4.67155e-06
2320.0 4.66340e-06
2321.0 4.65526e-06
2322.0 4.64715e-06
2323.0 4.63905e-06
2324.0 4.63098e-06
2325.0 4.62291e-06
2326.0 4.61487e-06
2327.0 4.60684e-06
2328.0 4.59883e-06
2329.0 4.59084e-06
2330.0 4.58286e-06
2331.0 4.57491e-06
2332.0 4.56697e-06
2333.0 4.55904e-06
2334.0 4.55113e-06
2335.0 4.54325e-06
2336.0 4.53538e-06
2337.0 4.52752e-06
2338.0 4.51968e-06
2339.0 4.51186e-06
2340.0 4.50406e-06
2341.0 4.49627e-06
2342.0 4.48850e-06
2343.0 4.48074e-06
2344.0 4.47301e-06
2345.0 4.46529e-06
2346.0 4.45758e-06
2347.0 4.44990e-06
2348.0 4.44222e-06
2349.0 4.43457e-06
2350.0 4.42694e-06
2351.0 4.41931e-06
2352.0 4.41171e-06
2353.0 4.40413e-06
2354.0 4.39655e-06
2355.0 4.38900e-06
2356.0 4.38146e-06
2357.0 4.37393e-06
2358.0 4.36643e-06
2359.0 4.35893e-06
2360.0 4.35146e-06
2361.0 4.34400e-06
2362.0 4.33655e-06
2363.0 4.32913e-06
2364.0 4.32172e-06
2365.0 4.31432e-06
2366.0 4.30695e-06
2367.0 4.29958e-06
2368.0 4.29224e-06
2369.0 4.28490e-06
2370.0 4.27758e-06
2371.0 4.27028e-06
2372.0 4.26300e-06
2373.0 4.25573e-06
2374.0 4.24847e-06
2375.0 4.24123e-06
2376.0 4.23401e-06
2377.0 4.22680e-06
2378.0 4.21961e-06
2379.0 4.21243e-06
2380.0 4.20527e-06
2381.0 4.19812e-06
2382.0 4.19099e-06
2383.0 4.18387e-06
2384.0 4.17677e-06
2385.0 4.16968e-06
2386.0 4.16261e-06
2387.0 4.15555e-06
2388.0 4.14851e-06
2389.0 4.14148e-06
2390.0 4.13447e-06
2391.0 4.12747e-06
2392.0 4.12049e-06
2393.0 4.11352e-06
2394.0 4.10657e-06
2395.0 4.09963e-06
2396.0 4.09271e-06
2397.0 4.08580e-06
2398.0 4.07891e-06
2399.0 4.07203e-06
2400.0 4.06516e-06
2401.0 4.05831e-06
2402.0 4.05147e-06
2403.0 4.04465e-06
2404.0 4.03784e-06
2405.0 4.03105e-06
2406.0 4.02427e-06
2407.0 4.01750e-06
2408.0 4.01075e-06
2409.0 4.00401e-06
2410.0 3.99729e-06
2411.0 3.99058e-06
2412.0 3.98389e-06
2413.0 3.97721e-06
2414.0 3.97054e-06
2415.0 3.96389e-06
2416.0 3.95725e-06
2417.0 3.95063e-06
2418.0 3.94402e-06
2419.0 3.93742e-06
2420.0 3.93084e-06
2421.0 3.92427e-06
2422.0 3.91771e-06
2423.0 3.91117e-06
2424.0 3.90464e-06
2425.0 3.89813e-06
2426.0 3.89162e-06
2427.0 3.88513e-06
2428.0 3.87866e-06
2429.0 3.87220e-06
2430.0 3.86576e-06
2431.0 3.85932e-06
2432.0 3.85290e-06
2433.0 3.84649e-06
2434.0 3.84010e-06
2435.0 3.83372e-06
2436.0 3.82735e-06
2437.0 3.82100e-06
2438.0 3.81466e-06
2439.0 3.80833e-06
2440.0 3.80201e-06
2441.0 3.79572e-06
2442.0 3.78943e-06
2443.0 3.78315e-06
2444.0 3.77689e-06
2445.0 3.77064e-06
2446.0 3.76440e-06
2447.0 3.75818e-06
2448.0 3.75197e-06
2449.0 3.74577e-06
